# timestamps
-0.4501280000004044
-0.440110999999888
-0.4301439999999275
-0.4201229999998759
-0.41014499999982945
-0.4000209999994695
-0.3899490000003425
-0.3799300000000585
-0.3699959999994462
-0.3600079999996524
-0.3499099999999089
-0.33995800000047893
-0.32980099999986123
-0.31999999999970896
-0.3100940000003902
-0.2998569999999745
-0.29004600000007486
-0.2801079999999274
-0.2700800000002346
-0.26014800000029936
-0.25012299999980314
-0.24012799999945855
-0.23009600000023056
-0.22014500000022963
-0.21011100000032457
-0.20008600000073784
-0.19011499999942316
-0.18013299999984156
-0.1701180000000022
-0.16014799999993556
-0.1501349999998638
-0.14012499999989814
-0.13001299999996263
-0.12014400000043679
-0.11009000000012747
-0.10008399999969697
-0.09012900000016089
-0.08010300000023562
-0.07014400000025489
-0.06012300000020332
-0.0501380000005156
-0.04011799999989307
-0.03011499999956868
-0.02013600000009319
-0.010172000000238768
0.0
0.009946000000127242
0.01997800000026473
0.029878999999709777
0.039866999999503605
0.04986000000008062
0.05986599999960163
0.06986999999935506
0.07985699999971985
0.08988200000021607
0.10001399999964633
0.10993699999926321
0.11998200000016368
0.13011399999959394
0.14007499999934225
0.15001699999993434
0.1599050000004354
0.17006899999978486
0.1799090000004071
0.18990200000007462
0.19990800000050513
0.20988699999998062
0.2199399999999514
0.229855999999927
0.23989499999970576
0.24991700000009587
0.2598789999992732
0.2698820000005071
0.2798609999999826
0.28984200000013516
0.2998919999999998
0.309863000000405
0.31983500000023923
0.32988399999976536
0.339853999999832
0.34988499999963096
0.3598619999993389
0.3699159999996482
0.37987799999973504
0.38983399999960966
0.39991899999949965
0.40984799999932875
0.41986999999971886
0.4298079999998663
0.43992400000024645
0.4498359999997774
0.4598740000001271
0.4698370000005525
0.4798849999997401
0.48994200000015553
0.49999299999944924
0.5098720000005414
0.5200039999999717
0.5298669999992853
0.5398679999998421
0.5498539999998684
0.5598609999997279
0.5698579999998401
0.5798350000004575
0.5898429999997461
0.6000500000000102
0.610051999999996
0.6200339999995776
0.6299460000000181
0.640056000000186
0.6501210000005813
0.6600610000004963
0.6701809999995021
0.6799080000000686
0.6899819999998726
0.6999909999994998
0.709882999999536
0.7198570000000473
0.7299330000005284
0.7398389999998471
0.7498589999995602
0.7598799999996118
0.7698669999999765
0.7798629999997502
0.7899090000000797
0.8000439999996161
0.8098559999998542
0.8198699999993551
0.8298560000002908
0.8398219999999128
0.8499259999998685
0.859824999999546
0.8698569999996835
0.8798879999994824
0.8898609999996552
0.900061999999707
0.909841000000597
0.9198419999993348
0.9298459999999977
0.9398479999999836
0.9498509999993985
0.9598470000000816
0.9698969999999463
0.9798489999993762
0.9898549999998068
0.999920000000202
1.009820999999647
1.0199579999998605
1.0298490000004676
1.0398310000000492
1.049858000000313
1.0598719999998139
1.0698720000000321
1.0798350000004575
1.0898980000001757
1.0999799999999595
1.1099500000000262
1.1200279999993654
1.1300090000004275
1.140212000000247
1.1499770000000353
1.159853000000112
1.1701030000003811
1.1798959999996441
1.1898780000001352
1.2000420000003942
1.2099410000000717
1.2198749999997744
1.22983000000022
1.2398539999994682
1.2498180000002321
1.2598520000001372
1.269850000000588
1.2798419999999169
1.2898439999999027
1.2998749999997017
1.3098529999997481
1.3198190000002796
1.3298869999998715
1.3398230000002513
1.3498429999999644
1.3598179999999047
1.3698789999998553
1.3798150000002352
1.3898790000002919
1.4000059999998484
1.4098479999993287
1.4198390000001382
1.429838000000018
1.4398369999998977
1.4498739999999088
1.4598690000002534
1.469811999999365
1.479870999999548
1.48982100000012
1.4998849999992672
1.509874999999738
1.5200169999998252
1.529856999999538
1.539835999999923
1.549804000000222
1.5598310000004858
1.5698869999996532
1.5798070000000735
1.589853999999832
1.6000480000002426
1.6099890000004962
1.619894999999815
1.6299509999998918
1.639987999999903
1.6500379999997676
1.6599699999997028
1.670035000000098
1.6800270000003366
1.690016000000469
1.7000690000004397
1.7098769999993237
1.7198829999997542
1.7298689999997805
1.7398389999998471
1.7498500000001513
1.7598529999995662
1.769828999999845
1.7798380000003817
1.7898349999995844
1.799960000000283
1.8098970000000918
1.8197959999997693
1.8298359999998866
1.8398579999993672
1.8498369999997522
1.8598199999996723
1.869844999999259
1.8798029999998107
1.8898159999998825
1.8998549999996612
1.9098100000001068
1.9198409999999058
1.929855999999745
1.9398270000001503
1.9498419999999896
1.959817999999359
1.9698140000000421
1.9798319999999876
1.9898370000000796
1.9998649999997724
2.0098390000002837
2.0199790000006033
2.0298320000001695
2.0398119999999835
2.04987600000004
2.059795000000122
2.0698099999999613
2.079819000000498
2.089825000000019
2.0998899999995047
2.1100329999999303
2.120057000000088
2.1300279999995837
2.1399609999998574
2.1498549999996612
2.1598659999999654
2.1700650000002497
2.1798220000000583
2.1898870000004536
2.2000719999996363
2.2098379999997633
2.2198809999999867
2.229815000000599
2.239843999999721
2.2498340000001917
2.2598399999997127
2.269808999999441
2.2798189999994065
2.289870000000519
2.2998090000000957
2.309852000000319
2.319800999999643
2.3298009999998612
2.339802999999847
2.3498170000002574
2.359801000000516
2.369795999999951
2.3798440000000483
2.389806000000135
2.3999519999997574
2.40988599999946
2.419818000000305
2.4297960000003513
2.439795000000231
2.4497479999999996
2.4598079999996116
2.469793000000209
2.479761000000508
2.48982100000012
2.4998109999996814
2.509791999999834
2.519953999999416
2.529834999999366
2.539773000000423
2.549790999999459
2.559769999999844
2.5697589999999764
2.579816999999821
2.589791000000332
2.6000029999995604
2.609940000000279
2.6199189999997543
2.6299589999998716
2.6400329999996757
2.650047000000086
2.6599050000004354
2.6700199999995675
2.680037000000084
2.6899389999998675
2.700058000000354
2.7098900000000867
2.719858999999815
2.729841999999735
2.7398269999994227
2.7498029999997016
2.759814999999435
2.769862000000103
2.779779999999846
2.7898310000000492
2.7999559999998382
2.8097999999999956
2.8198130000000674
2.829823000000033
2.839771999999357
2.8498340000005555
2.8598179999999047
2.8697940000001836
2.8798139999998966
2.8898369999997158
2.899964000000182
2.9098219999996218
2.9198029999997743
2.9297609999994165
2.9398220000002766
2.9497840000003634
2.959791999999652
2.969814000000042
2.9798119999995833
2.98981300000014
2.999826999999641
3.0098369999996066
3.0199439999996684
3.0298060000004625
3.039796999999453
3.0498179999995045
3.0597899999993388
3.069822999999815
3.0797920000004524
3.0898049999996147
3.0999329999995098
3.109895999999935
3.119929000000411
3.130068000000392
3.139976000000388
3.1498890000002575
3.159918999999718
3.169988999999987
3.179824999999255
3.1898529999998573
3.1999759999998787
3.2098299999997835
3.219828999999663
3.229772000000594
3.239815999999337
3.2498500000001513
3.259802000000491
3.2698129999998855
3.2798290000000634
3.289796000000024
3.2999280000003637
3.309809999999743
3.3197909999998956
3.329783999999563
3.3397860000004584
3.349796999999853
3.3598179999999047
3.369861999999557
3.3798109999997905
3.3898239999998623
3.3999110000004293
3.409765999999763
3.4197989999993297
3.4297999999998865
3.439789000000019
3.4497819999996864
3.4598210000003746
3.469757999999274
3.4798209999999017
3.489864000000125
3.499931999999717
3.5098219999999856
3.5199219999994966
3.529794000000038
3.539784000000509
3.5498050000005605
3.5597799999995914
3.5698109999993903
3.5798109999996086
3.5897869999998875
3.599881000000096
3.6100619999997434
3.619952999999441
3.630011999999624
3.64000599999963
3.6498959999998988
3.6599179999993794
3.670227000000523
3.6800069999999323
3.689817000000403
3.699964999999793
3.7098339999993186
3.7198319999997693
3.7298229999996693
3.7398149999999077
3.749786999999742
3.7598130000005767
3.7697879999996076
3.779822000000422
3.789795000000595
3.799812999999631
3.809801999999763
3.8198219999994762
3.829797000000326
3.8397759999998016
3.8498409999992873
3.859741000000213
3.8697990000000573
3.879805999999917
3.889791999999943
3.900090000000091
3.9098049999993236
3.9198020000003453
3.9297669999996288
3.939792000000125
3.9497670000000653
3.959791999999652
3.9698019999996177
3.97979099999975
3.9897750000000087
3.9999410000000353
4.009764000000359
4.019941999999901
4.029781999999614
4.039751000000251
4.04979000000003
4.059785999999804
4.069768999999724
4.079776999999922
4.089845000000423
4.099919000000227
4.110016999999971
4.119940000000497
4.129859000000579
4.1399750000000495
4.149921000000177
4.159810999999536
4.1699680000001536
4.179831999999806
4.189839000000575
4.199964999999793
4.20988799999941
4.21980799999983
4.229758999999831
4.23978999999963
4.249754999999823
4.259790000000066
4.269786999999269
4.2797929999996995
4.2897699999994074
4.299984999999651
4.30977299999995
4.319790999999896
4.329819999999927
4.33974599999965
4.349795000000086
4.359768000000258
4.369762000000264
4.379758000000038
4.389807999999903
4.399938999999904
4.4098030000004655
4.41978299999937
4.429777999999715
4.439811000000191
4.44982600000003
4.459748999999647
4.469772999999805
4.479788000000553
4.489755000000514
4.499965999999404
4.509780999999748
4.519952999999987
4.5297929999996995
4.539780999999493
4.5497519999998985
4.559760000000097
4.569822999999815
4.579750999999305
4.589809999999488
4.5999269999992975
4.609822999999778
4.61992199999986
4.629923000000417
4.639948000000004
4.649977999999464
4.659872000000178
4.669969000000492
4.679982999999993
4.68985100000009
4.6999720000003435
4.70983299999989
4.719850999999835
4.72979099999975
4.739792000000307
4.749745000000075
4.759761999999682
4.769764000000578
4.779780999999275
4.789754999999786
4.799826999999823
4.809809000000314
4.819766999999956
4.82977099999971
4.8397729999996955
4.849749999999403
4.859784000000218
4.869770999999673
4.879764999999679
4.8897240000005695
4.899883000000045
4.909756999999445
4.919777000000067
4.9298259999995935
4.939749999999549
4.94977900000049
4.959774999999354
4.969756000000416
4.979773999999452
4.9897660000006
4.9997089999997115
5.009831999999733
5.019914999999855
5.029744999999821
5.039778999999726
5.049785000000156
5.059761000000435
5.069752999999764
5.079756999999518
5.089758000000074
5.099822000000131
5.109875000000102
5.119956999999886
5.129931999999826
5.1399499999997715
5.1497559999997975
5.159792999999809
5.17000999999982
5.179775000000518
5.189849000000322
5.199789000000237
5.209930999999415
5.219759999999951
5.2297749999997905
5.239735999999539
5.249759000000267
5.259776999999303
5.269749000000047
5.279765999999654
5.289789999999812
5.299761000000217
5.309761000000435
5.319790999999896
5.329764000000068
5.339755999999397
5.34976800000004
5.359738999999536
5.3697400000000926
5.379802999999811
5.389753999999812
5.399734999999964
5.409819000000425
5.419739999999365
5.429737000000387
5.439770999999382
5.449735000000146
5.459773999999925
5.469763000000057
5.479757000000063
5.489781000000221
5.499761000000035
5.5097480000004
5.519914999999855
5.529790000000503
5.539729000000079
5.549778000000515
5.55974199999946
5.569733000000269
5.579751999999644
5.589803999999276
5.599836999999752
5.609814999999799
5.619974999999613
5.629946000000018
5.6399350000001505
5.649871999999959
5.6598809999995865
5.670159999999669
5.679845000000569
5.6897570000001
5.699800999999752
5.709796999999526
5.719826999999896
5.729772000000594
5.739763999999923
5.749727999999777
5.75978699999996
5.769787999999608
5.779754999999568
5.7897589999993215
5.799742000000151
5.809750000000349
5.819743000000017
5.829748000000109
5.8397469999999885
5.849787000000106
5.859801999999945
5.86974199999986
5.87973299999976
5.889788000000408
5.899731999999858
5.9097499999998035
5.9197669999994105
5.929724999999962
5.939752000000226
5.949764999999388
5.9597249999997075
5.969763000000057
5.97974400000021
5.9897299999993265
5.999743999999737
6.0098199999993085
6.019881000000169
6.029722999999649
6.039735000000292
6.049767000000429
6.059766000000309
6.069717999999739
6.07974699999977
6.089716999999837
6.099809999999707
6.10987600000044
6.1199109999997745
6.129998999999771
6.139908999999534
6.149852000000465
6.159779999999955
6.169879999999466
6.179771000000073
6.189795000000231
6.199733999999808
6.2097789999997985
6.219804000000295
6.2296980000000985
6.2397430000000895
6.2497999999995955
6.2597399999995105
6.269750999999815
6.279736000000412
6.2897329999996145
6.2997379999997065
6.309715999999753
6.31971700000031
6.329717999999957
6.339726000000155
6.349718999999823
6.359738000000107
6.369762000000264
6.379752999999255
6.3897249999999985
6.399782000000414
6.409777999999278
6.419739999999365
6.429732000000513
6.439747000000352
6.449706999999762
6.4597249999997075
6.469709999999395
6.479703999999401
6.48982100000012
6.499750999999378
6.509942000000592
6.5198669999999765
6.529709000000366
6.53977599999962
6.549715999999535
6.559693999999581
6.569728000000396
6.57972399999926
6.589734000000135
6.599852999999712
6.609919999999875
6.6198709999998755
6.62992099999974
6.63995100000011
6.649862000000212
6.6598140000005515
6.670051000000058
6.67996200000016
6.689774000000398
6.699765999999727
6.709751999999753
6.719764999999825
6.729831999999988
6.73968000000059
6.749713999999585
6.7597420000001875
6.769722000000002
6.779693000000407
6.78975999999966
6.799689999999828
6.809739000000263
6.819723999999951
6.829714999999851
6.839719999999943
6.849756999999954
6.859736000000339
6.869698000000426
6.879707000000053
6.889741999999387
6.899711000000025
6.909730999999738
6.919708999999784
6.929701999999452
6.939742999999908
6.949690999999802
6.959704999999303
6.969763000000057
6.979707999999846
6.989713999999367
6.999746999999843
7.009694999999738
7.019883999999365
7.029708000000028
7.039731999999276
7.0497099999993225
7.059715999999753
7.069685000000391
7.079719999999725
7.0897879999993165
7.099782999999661
7.1098110000002634
7.119980999999825
7.129934999999932
7.139902999999322
7.1498099999998885
7.159754000000248
7.169904000000315
7.1797459999997955
7.189744999999675
7.199823999999353
7.2098299999997835
7.219763000000057
7.22968899999978
7.239716000000044
7.249690000000555
7.25970099999995
7.269726999999875
7.27969099999973
7.28969700000016
7.299726999999621
7.309709999999541
7.31971700000031
7.32975499999975
7.339732000000367
7.3497129999996105
7.359695000000102
7.369697000000087
7.379700999999841
7.389718000000357
7.399671000000126
7.4097359999996115
7.419721000000209
7.429696000000149
7.4397140000000945
7.449757000000318
7.459710000000086
7.469702999999754
7.479708999999275
7.489712000000509
7.49974900000052
7.509685999999419
7.519846999999572
7.529704000000493
7.539725999999973
7.54968800000006
7.5597170000000915
7.569782999999916
7.579668000000311
7.589751999999862
7.599909999999909
7.6098650000003545
7.61979699999938
7.629794000000402
7.639970000000176
7.649946999999884
7.659881999999925
7.669942000000447
7.679881000000023
7.689785999999913
7.6999439999999595
7.70976999999948
7.719740000000456
7.729745000000548
7.739709999999832
7.749706000000515
7.75971699999991
7.7696799999994255
7.779695999999603
7.789683999999397
7.799870999999257
7.809761000000435
7.81970100000035
7.829711999999745
7.839715000000069
7.849680999999691
7.859698000000208
7.86972699999933
7.879681000000346
7.889691999999741
7.899726999999984
7.909658000000491
7.919679000000542
7.929909000000407
7.939672000000428
7.949709999999868
7.959689999999682
7.9696920000005775
7.979699999999866
7.989670999999362
7.999706999999944
8.00980200000049
8.019852999999785
8.02969099999973
8.03970500000014
8.049747999999454
8.059691999999814
8.069674999999734
8.079690999999912
8.089716000000408
8.09986299999946
8.109779999999773
8.119776999999885
8.129928000000291
8.139955999999984
8.149890000000596
8.159751000000142
8.169942000000447
8.179704000000129
8.1897570000001
8.199829999999565
8.209713000000193
8.219779000000017
8.229707000000417
8.239706000000297
8.24971800000003
8.259710000000268
8.26969999999983
8.279708000000028
8.289748999999574
8.299827999999252
8.309709000000112
8.319725999999719
8.329690999999912
8.339760999999271
8.349675999999818
8.35971199999949
8.369705000000067
8.379703999999947
8.389683999999761
8.39987999999994
8.409751999999571
8.419675000000097
8.429669000000104
8.439715999999862
8.449682000000394
8.459671999999955
8.469718999999714
8.47967400000016
8.489717000000383
8.49985100000049
8.509715000000142
8.519868999999744
8.529743999999482
8.539667000000009
8.549724999999853
8.559690000000046
8.56969299999946
8.579689000000144
8.589691999999559
8.599884999999631
8.609859000000142
8.61981999999989
8.629758999999467
8.639881999999488
8.649943000000349
8.659880000000157
8.66993100000036
8.679764000000432
8.689718999999968
8.699873999999909
8.709789000000455
8.719685000000027
8.729734000000462
8.739685999999892
8.749679999999898
8.759690999999293
8.76975399999992
8.77966699999979
8.789711999999781
8.799700999999914
8.809713000000556
8.819719000000077
8.829659999999421
8.839697999999771
8.849669999999605
8.859676000000036
8.86968700000034
8.879691000000093
8.88977100000011
8.899742999999944
8.909711000000243
8.919681999999739
8.929689000000508
8.939658999999665
8.949682999999823
8.959672999999384
8.969681000000492
8.97970499999974
8.989684000000125
8.99973300000056
9.00973999999951
9.019825999999739
9.029672000000573
9.039698000000499
9.049648000000161
9.05969499999992
9.069703000000118
9.079641000000265
9.089742000000115
9.09990900000048
9.109870000000228
9.119827000000441
9.129829999999856
9.139834999999948
9.149924999999712
9.159701999999925
9.16986100000031
9.179733999999371
9.189712999999756
9.199800000000323
9.209714000000531
9.219736000000012
9.229639000000134
9.239677999999913
9.249727000000348
9.259659999999712
9.269656999999825
9.279696999999942
9.289651999999478
9.299750000000131
9.309687999999369
9.319660999999542
9.329678000000058
9.33968300000015
9.34966600000007
9.359669999999824
9.369725000000471
9.379665000000386
9.38971599999968
9.399810999999318
9.409677999999985
9.419659000000138
9.429690999999366
9.439672999999857
9.449651999999332
9.459686000000147
9.469646999999895
9.479663000000073
9.489768999999797
9.499808999999914
9.50968499999999
9.519823999999971
9.529679999999644
9.539695999999822
9.5496490000005
9.559658000000127
9.569672999999966
9.579670000000078
9.589632999999594
9.599860000000263
9.609752000000299
9.619837000000189
9.629930000000058
9.639860999999655
9.649790999999823
9.659743000000162
9.669992000000093
9.679927999999563
9.68974900000012
9.699752999999873
9.709708999999748
9.719707000000199
9.72976000000017
9.739631000000372
9.749680999999327
9.759657000000516
9.76962900000035
9.779684999999517
9.789672999999311
9.79968000000008
9.809693999999581
9.819649999999456
9.829625000000306
9.839662999999746
9.849748999999974
9.859644000000117
9.869665000000168
9.879640999999538
9.889655999999377
9.89971499999956
9.909647999999834
9.9196809999994
9.9296489999997
9.939679999999498
9.94970099999955
9.959659000000102
9.969763999999486
9.979648999999881
9.989690999999766
9.99983500000053
10.009673000000475
10.019797999999355
10.029693000000407
10.039649000000281
10.049708000000464
10.059648999999808
10.0696939999998
10.079679999999826
10.089705000000322
10.09983099999954
10.109778000000006
10.119791000000077
10.129919999999402
10.13984900000014
10.14981699999953
10.159697000000051
10.169869999999719
10.179709000000003
10.189703000000009
10.199797999999646
10.209762999999839
10.219691000000239
10.22963399999935
10.239702999999281
10.24964700000055
10.259702999999718
10.269666000000143
10.27965199999926
10.289672999999311
10.299715000000106
10.309612999999445
10.319658000000345
10.329695999999785
10.339642999999342
10.34965000000011
10.359653999999864
10.369660000000295
10.379640999999538
10.389664000000266
10.399648999999954
10.40977600000042
10.419681999999739
10.429631999999401
10.439602999999806
10.449791000000005
10.459612000000561
10.469640999999683
10.47963399999935
10.489588999999796
10.499772000000121
10.509651000000304
10.519744999999602
10.52961999999934
10.53964199999973
10.54963300000054
10.559635999999955
10.56965499999933
10.579627999999502
10.589656000000105
10.599792999999408
10.609728999999788
10.619706999999835
10.629799999999705
10.639869999999974
10.649811999999656
10.659759000000122
10.669922999999471
10.679786000000604
10.689738999999463
10.699679999999717
10.709689999999682
10.719700999999986
10.729675000000498
10.739659999999276
10.749683000000005
10.759665999999925
10.769658999999592
10.779649000000063
10.789625999999771
10.799660000000586
10.809690000000046
10.819648000000598
10.829631000000518
10.839673000000403
10.849608999999873
10.859655000000203
10.86964099999932
10.879635999999664
10.889640999999756
10.899626999999782
10.909641000000192
10.919636000000537
10.92968699999983
10.939645000000382
10.949657999999545
10.959622999999738
10.969653000000108
10.979648999999881
10.989686999999321
10.999646000000212
11.00962299999992
11.01980100000037
11.029623999999785
11.039636999999857
11.04967299999953
11.059645999999702
11.069617000000108
11.079636000000392
11.089630000000398
11.099706999999398
11.109813000000031
11.119776999999885
11.129812999999558
11.139858000000459
11.149765000000116
11.15965899999992
11.1699009999993
11.17964099999972
11.189690999999584
11.19970099999955
11.20972299999994
11.219692000000578
11.229631000000154
11.239599999999882
11.24965499999962
11.259648999999627
11.269604000000072
11.279657000000043
11.289686000000074
11.29963300000054
11.309650999999576
11.319644999999582
11.329631999999947
11.3396359999997
11.349608000000444
11.35965699999997
11.369635000000017
11.379625999999917
11.389646999999968
11.399822999999742
11.409738999999718
11.419627999999648
11.429599999999482
11.439672999999857
11.449625999999625
11.459616000000096
11.469651999999769
11.47962600000028
11.489666999999827
11.499813999999787
11.509637000000112
11.519766999999774
11.529652999999598
11.539645999999266
11.54961800000001
11.559640999999829
11.56959900000038
11.579651000000013
11.589630000000398
11.599788999999873
11.609689999999318
11.619813999999678
11.629909999999654
11.639826999999968
11.649787999999717
11.65972099999999
11.669953999999962
11.679834999999912
11.689661000000342
11.699813999999606
11.709695999999894
11.719654000000446
11.72967299999982
11.739631000000372
11.749606999999742
11.759634000000005
11.76966799999991
11.779623000000356
11.789635999999518
11.799659000000247
11.809659000000465
11.819617000000108
11.829600999999457
11.83962799999972
11.849640000000363
11.85959399999956
11.869620999999825
11.879652999999962
11.889650999999503
11.89977700000054
11.90962000000036
11.919646000000284
11.92960099999982
11.939648999999918
11.94961400000011
11.959729000000152
11.969606999999996
11.979621000000407
11.989665999999488
11.999713000000156
12.009683000000223
12.01973100000032
12.029636999999639
12.039628999999877
12.049619999999777
12.059640999999829
12.06961500000034
12.07958999999937
12.089637000000039
12.099750999999742
12.10968099999991
12.119813999999678
12.129875999999967
12.13978599999973
12.149736999999732
12.15965899999992
12.169832999999926
12.179709000000003
12.189636999999493
12.199658999999883
12.209671000000526
12.21967500000028
12.229606999999305
12.23961699999927
12.249668000000383
12.25963000000047
12.269599999999627
12.279618999999911
12.289600000000064
12.299769999999626
12.309643000000506
12.319590999999491
12.329622999999629
12.339608000000226
12.34960300000057
12.359630999999354
12.3697030000003
12.379590999999891
12.389616000000387
12.399757000000136
12.409576000000015
12.419644999999946
12.429568999999901
12.439594999999827
12.449588999999833
12.459587999999712
12.469591000000037
12.479573000000528
12.489653000000544
12.499627999999575
12.509594999999536
12.51975499999935
12.529575000000477
12.53958799999964
12.549584999999752
12.559564000000137
12.569578000000547
12.579604000000472
12.589560999999776
12.599808999999368
12.609915
12.619732000000113
12.629730999999992
12.639724999999999
12.649765000000116
12.659829000000173
12.66993100000036
12.679748000000473
12.689641999999367
12.69980200000009
12.709617000000435
12.719671999999264
12.729669999999714
12.73961699999927
12.749620000000505
12.759610999999495
12.76961300000039
12.779602000000523
12.789630999999645
12.799619999999777
12.809624999999869
12.819579999999405
12.82959800000026
12.839582000000519
12.849678999999924
12.85959399999956
12.869646999999532
12.879635999999664
12.889576999999917
12.899795999999697
12.90962000000036
12.91960199999994
12.929614000000583
12.939625999999407
12.949555000000146
12.95961399999942
12.96964399999979
12.97962600000028
12.989623999999822
12.999759999999696
13.009589999999662
13.019757000000027
13.02961200000027
13.03957900000023
13.049627000000328
13.05957699999999
13.06959199999983
13.079599000000599
13.089660999999978
13.099797999999282
13.109769000000597
13.119651999999405
13.129783999999745
13.139854999999443
13.149787999999717
13.159627
13.169786999999815
13.179651999999805
13.189636999999493
13.199741000000358
13.209663999999975
13.219622000000527
13.229567999999745
13.239628999999695
13.249574999999822
13.2596309999999
13.269602000000305
13.279598999999507
13.289609999999811
13.299638000000414
13.30958499999997
13.319578999999976
13.32963699999982
13.339614000000438
13.34960300000057
13.359598999999434
13.369596000000456
13.37958400000025
13.389616000000387
13.399688999999853
13.409589999999298
13.419605999999476
13.42957000000024
13.439565000000584
13.449671000000308
13.459565000000111
13.469611000000441
13.47963499999969
13.48961699999927
13.499695999999858
13.509588999999323
13.519717999999557
13.529577999999674
13.539623000000574
13.549575000000004
13.559596999999485
13.569629999999961
13.579571000000215
13.589586000000054
13.59975200000008
13.609700999999404
13.61974199999986
13.629817999999432
13.639761999999791
13.649692999999388
13.6596669999999
13.670008999999482
13.679841000000124
13.689667999999983
13.699647999999797
13.709625999999844
13.719626000000062
13.729561000000103
13.739575999999943
13.74959300000046
13.759571999999935
13.7696219999998
13.779602999999952
13.789570999999341
13.799762999999984
13.80964800000038
13.819574000000102
13.829596999999922
13.839625999999953
13.849613999999747
13.859585000000152
13.869571999999607
13.879582999999911
13.889591999999539
13.89976200000001
13.909576000000015
13.91957899999943
13.929631999999401
13.939564000000246
13.949560999999449
13.959575999999288
13.969573999999739
13.979621000000407
13.989584999999352
13.999681999999666
14.009597000000213
14.019717999999557
14.029574000000139
14.039573000000019
14.049621000000116
14.059547999999268
14.069614000000001
14.079577000000427
14.089563999999882
14.099795000000086
14.10971199999949
14.119638000000123
14.1297169999998
14.13984100000016
14.149758999999904
14.159616999999344
14.169777999999496
14.179629000000205
14.189647999999579
14.199636999999711
14.20959700000003
14.219621000000188
14.229601000000002
14.239556000000448
14.249603000000207
14.259573999999702
14.269564000000173
14.279586000000563
14.289651999999478
14.299595999999838
14.309602999999697
14.319551000000502
14.329557999999452
14.339552999999796
14.349567999999636
14.35955599999943
14.369574000000284
14.379566999999952
14.389589000000342
14.39968299999964
14.409625000000233
14.419549000000188
14.429581000000326
14.439596000000165
14.449569000000338
14.459563000000344
14.469618000000082
14.479706000000078
14.48956199999975
14.499721000000136
14.509568999999829
14.519717999999557
14.529615999999805
14.539585000000443
14.549584000000323
14.55955399999948
14.56955299999936
14.57959800000026
14.589568999999756
14.599643999999898
14.609717999999702
14.61974299999929
14.629726999999548
14.639710999999807
14.649742999999944
14.659697000000051
14.669969999999921
14.679772999999841
14.689618000000337
14.699787999999899
14.70961399999942
14.719595000000481
14.729599000000235
14.73958599999969
14.74954500000058
14.759573999999702
14.769614999999249
14.779539999999542
14.789550999999847
14.799650999999358
14.809524000000238
14.819579999999405
14.82956600000034
14.839576999999736
14.849559000000227
14.859567999999854
14.869553000000451
14.879574000000503
14.889589000000342
14.899736999999732
14.909547999999631
14.919570000000022
14.929550999999265
14.939534000000094
14.94956000000002
14.959536999999727
14.969570999999632
14.979535999999825
14.989536999999473
14.99958499999957
15.009626000000026
15.019721000000573
15.029544999999416
15.039592000000084
15.049560999999812
15.05956900000001
15.069529999999759
15.079539000000295
15.08954199999971
15.099647999999434
15.10964100000001
15.119805999999699
15.12980299999981
15.139721999999892
15.149634999999762
15.159606999999596
15.169740999999703
15.179599999999482
15.189610999999786
15.199612999999772
15.209585000000516
15.219552999999905
15.229562000000442
15.239547999999559
15.24963200000002
15.259546999999657
15.269554999999855
15.27954899999986
15.289521000000605
15.29968000000008
15.309551000000283
15.319541999999274
15.329541000000063
15.339563999999882
15.349514999999883
15.359559999999874
15.36960100000033
15.379538000000139
15.38955100000021
15.399666999999681
15.409561000000394
15.41953199999989
15.429544999999962
15.439540999999736
15.44955200000004
15.4595819999995
15.46953399999984
15.479535000000396
15.489606999999523
15.49964799999998
15.509546999999657
15.519678000000567
15.529548000000432
15.539544999999634
15.549543000000085
15.55953000000045
15.569562000000587
15.579571000000215
15.589504999999917
15.599618000000191
15.60974399999941
15.619807000000037
15.629720999999336
15.639777999999751
15.649621999999908
15.659697000000051
15.669927999999345
15.67973499999971
15.689591000000291
15.699767000000065
15.709544999999707
15.719613999999638
15.729588000000149
15.739513000000443
15.749589000000014
15.759530999999697
15.769533000000592
15.779553000000305
15.789544999999634
15.799565999999686
15.809535000000324
15.819521999999779
15.82952800000021
15.839549000000261
15.849560000000565
15.85953999999947
15.869544000000133
15.879554000000098
15.889522999999826
15.899696000000404
15.90957200000048
15.919552999999723
15.929521000000022
15.939543000000413
15.949532000000545
15.959541000000172
15.969600000000355
15.979515999999421
15.989545999999791
15.999691999999413
16.009509999999864
16.019674000000123
16.02953399999933
16.039494999999988
16.04956399999992
16.059532999999647
16.069525999999314
16.079525999999532
16.08955699999933
16.099688000000242
16.109564999999748
16.11967800000002
16.129704999999376
16.13975600000049
16.149658000000272
16.159574999999677
16.169732999999724
16.17958499999986
16.189566000000013
16.19971600000008
16.209656999999424
16.219552000000476
16.22950200000014
16.239524999999958
16.249518000000535
16.259517999999844
16.269548000000214
16.27951699999994
16.289590999999746
16.299659000000247
16.30951499999992
16.31952799999999
16.329562999999325
16.33952599999975
16.34951700000056
16.359529999999722
16.369494999999915
16.37954499999978
16.38951900000029
16.399551999999858
16.40953400000035
16.419535999999425
16.429551999999603
16.439510000000155
16.449549999999363
16.45951000000059
16.469535000000178
16.47949999999946
16.489534999999705
16.499659999999494
16.50955199999953
16.519678000000567
16.529529999999795
16.539514000000054
16.549510999999256
16.55951599999935
16.569594999999936
16.5794879999994
16.589530999999624
16.599740999999995
16.609690999999657
16.619619000000057
16.629557000000204
16.639648000000307
16.649781000000075
16.659724000000097
16.669708999999784
16.679603000000498
16.689628000000084
16.699604999999792
16.709608999999546
16.719584000000395
16.729567999999745
16.739583999999923
16.74949199999992
16.75950399999965
16.769538999999895
16.779544999999416
16.7895239999998
16.799646999999823
16.80959199999961
16.819508999999925
16.82953400000042
16.839523999999983
16.849506999999903
16.859505999999783
16.86952199999996
16.87949800000024
16.889486000000034
16.899632999999994
16.90954199999942
16.919538000000102
16.929576000000452
16.93952999999965
16.949516000000585
16.959520999999768
16.969476000000213
16.979553000000124
16.989536000000044
16.999598000000333
17.009547999999995
17.019679999999425
17.029529999999795
17.039542000000438
17.049568999999792
17.059510999999475
17.06952199999978
17.07950399999936
17.089504999999917
17.099672000000282
17.109771999999793
17.119686
17.12962400000015
17.139626000000135
17.149648999999954
17.15955000000031
17.169769000000088
17.17954699999973
17.1895599999998
17.199736000000485
17.20957300000009
17.219562000000224
17.229521999999633
17.23949999999968
17.249542999999903
17.259517999999844
17.26948900000025
17.27953499999967
17.289569000000483
17.299536999999873
17.309541000000536
17.319523000000117
17.329523999999765
17.339530999999624
17.34949400000005
17.359497999999803
17.369510000000446
17.37948999999935
17.38948999999957
17.399562000000515
17.40957900000012
17.419550999999956
17.42951499999981
17.439502999999604
17.44952899999953
17.45948899999985
17.469498000000385
17.479487999999947
17.489532999999938
17.499633999999787
17.509532000000036
17.519626999999673
17.529571000000033
17.53951000000052
17.549503000000186
17.559504999999263
17.56954500000029
17.579509999999573
17.58950399999958
17.599699999999757
17.609576999999263
17.619619000000057
17.629687999999987
17.639718000000357
17.64966699999968
17.659631999999874
17.669788000000153
17.67968699999983
17.689518999999564
17.69971600000008
17.70955999999933
17.719616999999744
17.729542999999467
17.73950800000057
17.749510999999984
17.759509999999864
17.769562999999835
17.779531000000134
17.789494999999988
17.799579999999878
17.80947500000002
17.819500999999946
17.82951099999991
17.839508000000023
17.849530999999843
17.859511999999995
17.869456000000355
17.8794969999999
17.889546999999766
17.899622999999337
17.909490000000005
17.91953300000023
17.929501999999957
17.939565000000584
17.949494000000414
17.959490999999616
17.96950900000047
17.97949399999925
17.989504999999554
17.99966399999994
18.009545999999318
18.019602000000305
18.02951099999973
18.039490000000114
18.049505999999383
18.05950699999994
18.06952199999978
18.079498000000058
18.089497999999367
18.099600999999893
18.109543000000485
18.119705000000067
18.129691000000093
18.139675000000352
18.149617000000035
18.15954099999999
18.169668999999885
18.17955400000028
18.189572999999655
18.199555999999575
18.2095589999999
18.219530000000304
18.229487999999947
18.23952300000019
18.249551999999312
18.259463999999753
18.26952700000038
18.279516000000513
18.28949300000022
18.299659000000247
18.309472999999343
18.319480000000112
18.329514000000017
18.339496999999938
18.349479999999858
18.359504000000015
18.369533000000047
18.37950599999931
18.389462999999523
18.39969999999994
18.409469000000172
18.41947600000003
18.429454999999507
18.439454999999725
18.4494880000002
18.459473999999318
18.46944699999949
18.47946199999933
18.489550000000236
18.499617999999828
18.509657999999945
18.519615999999587
18.52946200000042
18.53944500000034
18.549471999999696
18.559449999999742
18.5694739999999
18.579453999999714
18.58942500000012
18.599576000000525
18.60961099999986
18.619566999999734
18.62974000000031
18.63969300000008
18.64957400000003
18.659614000000147
18.669831999999587
18.679696999999578
18.68952100000024
18.699727999999595
18.709512999999788
18.719498000000385
18.729545000000144
18.739493999999468
18.74949199999992
18.759492000000137
18.769490000000587
18.779490999999325
18.78948700000001
18.799509999999827
18.809486000000106
18.81948999999986
18.829483999999866
18.839460999999574
18.849545000000035
18.85946999999942
18.869478999999956
18.879501999999775
18.889460999999756
18.899638999999297
18.909482000000025
18.919490000000224
18.929497000000083
18.939468999999917
18.94945800000005
18.959450000000288
18.96955600000001
18.97944499999994
18.989536000000044
18.99960900000042
19.00946699999986
19.019624000000476
19.029453999999532
19.03949400000056
19.049477999999908
19.05947600000036
19.069515000000138
19.079469000000245
19.08953500000007
19.09963500000049
19.10967999999957
19.119650000000547
19.129523999999947
19.13958199999979
19.149623999999676
19.15952500000003
19.16970500000025
19.179533000000447
19.18951299999935
19.199634999999944
19.209575999999288
19.219498999999814
19.22947799999929
19.239466999999422
19.249447000000146
19.259502999999313
19.269483000000037
19.279451000000336
19.28950199999963
19.299661000000015
19.309503999999833
19.319478999999774
19.329523999999765
19.339472999999998
19.349482999999964
19.35945300000003
19.369469999999637
19.37948999999935
19.389462999999523
19.399531999999454
19.40947199999937
19.41949999999997
19.429478000000017
19.439485999999306
19.449516000000585
19.459452999999485
19.469451999999364
19.479505999999674
19.489477999999508
19.499641000000338
19.50948100000005
19.519592999999986
19.529489999999896
19.539451999999983
19.549449000000095
19.5595059999996
19.569516999999905
19.579439999999522
19.589492999999493
19.59969799999999
19.609661999999844
19.619571999999607
19.629511999999522
19.63962899999933
19.649649999999383
19.659630000000107
19.66971299999932
19.679576000000452
19.68951399999969
19.69966199999999
19.709493000000293
19.719522999999754
19.729498000000603
19.739477999999508
19.749476999999388
19.75943499999994
19.769453999999314
19.77947099999983
19.78946300000007
19.79966500000046
19.809526999999434
19.819439999999304
19.82947199999944
19.83945700000004
19.84946300000047
19.859462999999778
19.869462000000567
19.879462999999305
19.8894650000002
19.89961299999959
19.909482000000025
19.919474000000264
19.92951399999947
19.939473000000362
19.949477000000115
19.959460000000036
19.969438000000082
19.979432000000088
19.989473999999973
19.99959300000046
20.009454000000005
20.01962000000003
20.029426000000058
20.039474999999584
20.04952299999968
20.059455000000526
20.069454999999834
20.079437999999755
20.089436000000205
20.099624000000404
20.109559000000445
20.119662000000062
20.129719999999907
20.139654999999948
20.14958900000056
20.159482000000025
20.16973499999949
20.179549999999836
20.189462000000276
20.1996309999995
20.209493999999722
20.21947199999977
20.229471999999987
20.239442000000054
20.24948199999926
20.25946699999986
20.269451000000117
20.27948699999979
20.289506000000074
20.29945199999929
20.309462999999596
20.319454999999834
20.32945599999948
20.339458999999806
20.349452000000383
20.359457000000475
20.369432999999844
20.379468000000088
20.389452999999776
20.399572000000262
20.40949399999954
20.41946999999982
20.429399999999987
20.439440000000104
20.449413999999706
20.459436999999525
20.469434000000547
20.479427000000214
20.489481000000524
20.49953699999969
20.509422000000086
20.519577999999456
20.52947200000017
20.539436000000023
20.54942099999971
20.55940399999963
20.569406000000527
20.579423000000133
20.589461999999912
20.599589999999807
20.609685999999783
20.61964699999953
20.629573000000164
20.63951999999972
20.649718000000576
20.659657000000152
20.669761999999537
20.679560000000492
20.689464000000044
20.69966999999997
20.709477999999763
20.719466000000466
20.72946899999988
20.739454000000478
20.74944499999947
20.75945800000045
20.769478000000163
20.77944799999932
20.789440000000468
20.7994920000001
20.809445999999298
20.819437000000107
20.82941699999992
20.839444999999614
20.849458000000595
20.859456000000137
20.86941999999999
20.879431999999724
20.889492000000246
20.899520999999368
20.90943100000004
20.919426999999814
20.929422999999588
20.9394199999997
20.94945000000007
20.95940900000005
20.969458999999915
20.979424999999537
20.98942799999986
20.999501000000237
21.00947300000007
21.019562999999835
21.029453999999532
21.039456999999857
21.04944400000022
21.05943599999955
21.069445999999516
21.079421999999795
21.08945499999936
21.099648999999772
21.10952499999985
21.119486999999936
21.129703999999947
21.1396850000001
21.149586999999883
21.15950100000009
21.16955699999926
21.179463999999825
21.18945799999983
21.199602000000596
21.209484999999404
21.219412000000375
21.229381000000103
21.239422999999988
21.249464999999873
21.259436000000278
21.269451000000117
21.279442000000017
21.289432999999917
21.299455999999736
21.30945100000008
21.31942600000002
21.329413999999815
21.33943999999974
21.349417999999787
21.359419000000344
21.369511999999304
21.379421999999977
21.389462999999523
21.399594999999863
21.4094070000001
21.419444000000112
21.429442999999992
21.43938999999955
21.449437999999645
21.459461999999803
21.469398999999612
21.479451000000154
21.48949899999934
21.499557999999524
21.50946500000009
21.519599999999627
21.529418000000078
21.539442999999665
21.549424999999246
21.559438000000227
21.569430999999895
21.5794420000002
21.58941700000014
21.599604
21.60970400000042
21.619603000000097
21.629579999999805
21.639545
21.649543999999878
21.659593999999743
21.66979899999933
21.679457000000184
21.689484999999877
21.699494000000414
21.70946499999991
21.719473000000107
21.729557000000568
21.73939100000007
21.749426000000312
21.759444999999687
21.769416000000092
21.779451999999765
21.789432999999917
21.799441000000115
21.809439999999995
21.819394000000102
21.82942600000024
21.83941799999957
21.849444999999832
21.859409000000596
21.869474000000082
21.879423999999744
21.88940300000013
21.899450999999317
21.909413999999742
21.919433999999455
21.929399000000558
21.939479000000574
21.949421999999686
21.959430999999313
21.96947199999977
21.979456999999456
21.989392999999836
21.999539000000368
22.009406000000126
22.0195819999999
22.029419000000416
22.03939899999932
22.049428000000262
22.059439000000566
22.069405000000188
22.079404000000068
22.089488999999958
22.09959600000002
22.109537000000273
22.11952399999973
22.129579999999805
22.13966099999925
22.14942499999961
22.159443999999894
22.169648000000052
22.179473000000144
22.189421999999468
22.199647999999797
22.209507999999914
22.21943099999953
22.22941399999945
22.23943599999984
22.249416000000565
22.25941199999943
22.26941099999931
22.279403000000457
22.289435000000594
22.299418000000514
22.30941999999959
22.319408999999723
22.32948000000033
22.339404000000286
22.349389999999403
22.359427999999753
22.36938800000007
22.37939600000027
22.38942499999939
22.39953500000047
22.409405999999763
22.41944700000022
22.42935799999941
22.43938700000035
22.449437999999645
22.459374000000025
22.469388999999865
22.47939099999985
22.489364999999452
22.49956799999927
22.50940400000036
22.519524999999703
22.52938399999948
22.539510999999948
22.549361999999746
22.559369999999944
22.569421000000148
22.579364999999598
22.589374999999563
22.599545000000035
22.609465999999884
22.61958500000037
22.62960000000021
22.639600999999857
22.649543999999878
22.659467999999833
22.669713999999658
22.679447999999866
22.689501999999266
22.699593999999706
22.7094419999994
22.71947100000034
22.729386999999406
22.73940500000026
22.74942899999951
22.759382000000187
22.769444999999905
22.77943099999993
22.78936900000008
22.79944400000022
22.809455999999955
22.81937999999991
22.829423000000133
22.83942500000012
22.849403000000166
22.85941400000047
22.869400999999925
22.879376999999295
22.889385000000402
22.899562000000515
22.909403999999995
22.919417999999496
22.92943600000035
22.9393970000001
22.949415000000045
22.959410999999818
22.969380000000456
22.979389000000083
22.98941399999967
22.999518999999964
23.009399999999914
23.01954300000034
23.029389999999694
23.039386999999806
23.049455999999736
23.05941399999938
23.069398999999976
23.079390999999305
23.089356999999836
23.099584999999934
23.10952399999951
23.1194689999993
23.12957499999993
23.139662999999928
23.149446999999782
23.159444999999323
23.169608000000153
23.179435000000012
23.18942100000004
23.19959100000051
23.209436999999525
23.219451999999364
23.229395000000295
23.239392999999836
23.249400000000605
23.259432999999262
23.269395999999688
23.279418000000078
23.289442999999665
23.299512999999934
23.30940499999997
23.31937900000048
23.329381999999896
23.339380999999776
23.349403000000166
23.35939800000051
23.3693889999995
23.379398999999466
23.389372999999978
23.399524999999812
23.409434999999576
23.419353999999657
23.42938099999992
23.439430000000357
23.44935600000008
23.459410999999818
23.469398999999612
23.479395000000295
23.489416999999776
23.499504999999772
23.50938899999983
23.519529000000148
23.52940099999978
23.53942999999981
23.549385000000257
23.559393999999884
23.569378000000142
23.579349999999977
23.589402999999947
23.599507999999332
23.6094149999999
23.61952199999996
23.629541000000245
23.6396050000003
23.649551999999858
23.659469000000172
23.66968799999995
23.679419000000053
23.68941900000027
23.699569999999767
23.709407999999712
23.71938599999976
23.729441999999835
23.739368999999897
23.749345000000176
23.759396999999808
23.769435000000158
23.779371000000538
23.789388999999574
23.799415999999837
23.809406999999737
23.819400999999743
23.82934699999987
23.839372000000367
23.84937700000046
23.859355999999934
23.869367999999668
23.87935599999946
23.88943300000028
23.89948700000059
23.90937699999995
23.919386999999915
23.92934400000013
23.939344999999776
23.949399000000085
23.95937099999992
23.969350999999733
23.97939199999928
23.989369999999326
23.99944400000004
24.009436000000278
24.019497999999658
24.029379999999946
24.039370999999846
24.049353999999767
24.059395000000222
24.06937199999993
24.079353000000083
24.089379999999437
24.099496999999246
24.10953299999983
24.119552000000112
24.1294969999999
24.139436999999816
24.14950399999998
24.159378999999717
24.169589999999516
24.179419000000053
24.18944199999987
24.199524999999994
24.209380000000237
24.21939399999974
24.22935999999936
24.239362000000256
24.249406999999337
24.259369999999763
24.269395999999688
24.27938399999948
24.289354999999887
24.29940499999975
24.309370999999373
24.31934799999999
24.3293620000004
24.33935399999973
24.349339000000327
24.359341999999742
24.369410999999673
24.379345999999714
24.38938000000053
24.39939299999969
24.40934399999969
24.41937499999949
24.429317000000083
24.43935699999929
24.449366999999256
24.459340999999768
24.469358000000284
24.479405000000042
24.489416999999776
24.499495000000024
24.50937299999987
24.51951899999949
24.52934599999935
24.53941399999985
24.54935800000021
24.559343999999328
24.56934799999999
24.579361000000063
24.589420000000246
24.599425999999767
24.609560999999303
24.619588999999905
24.629562000000078
24.639541000000463
24.649352000000363
24.659507000000303
24.669740999999703
24.679511999999704
24.68937199999982
24.69956099999945
24.709360999999262
24.71936099999948
24.72939000000042
24.73932000000059
24.74934200000007
24.75931599999967
24.769311000000016
24.779328000000532
24.789334000000053
24.79935099999966
24.809377999999924
24.819338999999673
24.829353000000083
24.839356000000407
24.849420999999893
24.859309999999823
24.869353000000046
24.879320000000007
24.889334999999846
24.899554999999964
24.909349999999904
24.919377000000168
24.92934299999979
24.939367999999376
24.949298999999883
24.95935400000053
24.969406000000163
24.9793209999998
24.989328999999998
24.99952200000007
25.009334999999737
25.019522999999936
25.029351000000133
25.03931299999931
25.049380000000383
25.0593659999995
25.06933200000003
25.079361000000063
25.089428999999654
25.09942299999966
25.109534999999596
25.11959999999999
25.129555999999866
25.139436999999816
25.14936899999975
25.159389000000374
25.169542999999976
25.179361999999855
25.18936600000052
25.199467000000368
25.209426999999778
25.219334999999774
25.2293439999994
25.23934999999983
25.249330999999984
25.259366000000227
25.26936399999977
25.279333999999835
25.289323999999397
25.29937599999994
25.309363999999732
25.319321999999374
25.32940199999939
25.33936100000028
25.349349000000075
25.359392999999727
25.369329999999536
25.37935800000014
25.389326000000437
25.39948000000004
25.409348999999565
25.419358000000102
25.42931200000021
25.439354000000094
25.449377999999342
25.45933100000002
25.469348999999966
25.47933600000033
25.48932699999932
25.499464999999873
25.509330999999293
25.51949599999989
25.529340000000047
25.539346999999907
25.549355999999534
25.559315999999853
25.56941299999926
25.579298999999992
25.589334000000235
25.59945599999992
25.609400999999707
25.61957699999948
25.629554999999527
25.63945699999931
25.649411999999757
25.659507999999732
25.66967300000033
25.67941400000018
25.68942900000002
25.699413999999706
25.709396000000197
25.719414000000143
25.729370000000017
25.73935999999958
25.749361000000135
25.75932499999999
25.769350999999915
25.779367999999522
25.789316000000326
25.799369999999726
25.80938100000003
25.819305999999415
25.829341000000568
25.839364999999816
25.849357000000055
25.859371999999894
25.86934900000051
25.879337999999734
25.889343999999255
25.899468999999954
25.90932100000009
25.919329999999718
25.929356999999982
25.93934099999933
25.949322999999822
25.959366000000045
25.969317000000046
25.97935200000029
25.98934399999962
25.99938099999963
26.009352999999464
26.019484000000375
26.02933099999973
26.039334000000053
26.049395000000004
26.059315000000424
26.06934000000001
26.079353000000083
26.089312000000064
26.099513999999544
26.109435000000303
26.119378999999753
26.129493000000366
26.13950599999953
26.1493219999993
26.15939299999991
26.16954799999985
26.17934400000013
26.189362000000074
26.19943400000011
26.209353000000192
26.21938500000033
26.22932200000014
26.23930399999972
26.249315999999453
26.25932599999942
26.269303999999465
26.27932200000032
26.289365999999973
26.299326000000292
26.309336000000258
26.319297000000006
26.329311999999845
26.339340000000448
26.349302000000534
26.35931100000016
26.36931000000004
26.37930899999992
26.389326000000437
26.3994789999997
26.409364999999525
26.419303000000582
26.429307000000335
26.4393170000003
26.449297000000115
26.459310000000187
26.469302999999854
26.47928999999931
26.489322999999786
26.49949000000015
26.50930999999946
26.51944100000037
26.52934499999992
26.53928900000028
26.549305999999888
26.55932799999937
26.569424999999683
26.579304999999295
26.58930700000019
26.599490999999944
26.60946800000056
26.619364000000132
26.629431999999724
26.639532000000145
26.64955100000043
26.65944599999966
26.66952399999991
26.67935799999941
26.689328000000387
26.699517999999443
26.709375999999793
26.71932199999992
26.72933699999976
26.739306999999826
26.749305999999706
26.759323000000222
26.76934799999981
26.77930000000015
26.78929799999969
26.799379000000044
26.809273999999277
26.819290999999794
26.82929999999942
26.83927700000004
26.849303999999393
26.859308000000055
26.86924799999997
26.87928699999975
26.88934700000027
26.899418999999398
26.909303999999793
26.919308999999885
26.92928799999936
26.939292000000023
26.949289000000135
26.95928300000014
26.969304000000193
26.979307999999946
26.989289999999528
26.999460999999428
27.00935699999991
27.01942599999984
27.02930000000015
27.039300999999796
27.049316000000545
27.059322000000066
27.069289000000026
27.079287999999906
27.089297000000442
27.09944600000017
27.109496999999465
27.119463999999425
27.129430999999386
27.139357000000018
27.149352999999792
27.15934500000003
27.16947099999925
27.179337999999916
27.189394999999422
27.1994109999996
27.209335999999894
27.21933899999931
27.229263999999603
27.239282999999887
27.249336999999286
27.259271999999328
27.269287000000077
27.279289000000063
27.289269999999306
27.299425999999585
27.309298000000126
27.319266000000425
27.32928399999946
27.339286999999786
27.34926599999926
27.359276999999565
27.36934199999996
27.379275999999663
27.38929199999984
27.399481999999807
27.409270000000106
27.41928100000041
27.429282000000057
27.43926999999985
27.449282999999923
27.459280000000035
27.46927599999981
27.479307999999946
27.48934299999928
27.499313000000257
27.50928699999986
27.519430000000284
27.52928299999985
27.53929699999935
27.549286999999822
27.559309000000212
27.569288000000597
27.57927799999925
27.589270999999826
27.599363999999696
27.609505999999783
27.619510000000446
27.629478999999264
27.639358999999786
27.649351000000024
27.659481000000596
27.669653999999355
27.67933499999981
27.68936500000018
27.69934699999976
27.709312999999383
27.719326999999794
27.729377999999997
27.739285999999993
27.74930200000017
27.7592709999999
27.769272999999885
27.7792759999993
27.789295000000493
27.799313999999868
27.809291999999914
27.81928599999992
27.82926899999984
27.8392759999997
27.849334999999883
27.859276999999565
27.869284000000334
27.879280000000108
27.8892620000006
27.899422999999842
27.90931499999988
27.919270000000324
27.92927899999995
27.939274999999725
27.949273000000176
27.95930799999951
27.96931500000028
27.979277999999795
27.98927300000014
27.999416000000565
28.009250000000065
28.019419000000198
28.02927400000044
28.039254999999685
28.04928099999961
28.059275999999954
28.069250999999895
28.07927000000018
28.089308999999957
28.09940800000004
28.109346999999616
28.119466000000102
28.12944299999981
28.139462000000094
28.149304000000484
28.159300999999687
28.169498999999632
28.179330999999365
28.189307000000554
28.199462000000494
28.209356999999727
28.21930500000053
28.22926600000028
28.23928799999976
28.249272999999448
28.259304999999586
28.269287999999506
28.279265999999552
28.289287999999942
28.299307999999655
28.309261999999762
28.319257000000107
28.329348999999638
28.339261999999508
28.34929800000009
28.359282999999778
28.36927199999991
28.37927800000034
28.389259999999922
28.39936899999975
28.409267
28.41927299999952
28.429259999999886
28.439260000000104
28.449330999999802
28.459289000000354
28.46925999999985
28.479268999999476
28.489262000000053
28.499422999999297
28.509267999999793
28.519424000000072
28.529265000000123
28.53928199999973
28.549262000000454
28.55927200000042
28.56933299999946
28.579259000000093
28.589265999999952
28.59944600000017
28.609394999999495
28.619326
28.62945000000036
28.63949700000012
28.649422999999842
28.659403999999995
28.669456999999966
28.679309999999532
28.689323999999942
28.69934699999976
28.70934699999998
28.71930500000053
28.729237999999896
28.739255000000412
28.749267999999574
28.759243999999853
28.76926800000001
28.77926800000023
28.789254999999685
28.799305999999888
28.80931199999941
28.819233000000168
28.829251999999542
28.8392759999997
28.8492499999993
28.85925099999986
28.869286000000102
28.87924699999985
28.889247999999498
28.899375999999393
28.909245999999257
28.919261000000006
28.929323000000295
28.939250999999786
28.94928600000003
28.959286999999676
28.969253999999637
28.97925799999939
28.98925699999927
28.999385999999504
29.00925400000051
29.019390999999814
29.029254000000037
29.03925100000015
29.049301000000014
29.05927999999949
29.069244000000253
29.079240000000027
29.089379000000008
29.099475999999413
29.10933699999987
29.119326
29.129478999999264
29.1394820000005
29.14930099999947
29.15928200000053
29.16948400000001
29.179283999999825
29.189306000000215
29.199456000000282
29.209273999999823
